131 371
130 383
133 397
139 412
145 427
149 443
155 459
165 470
184 469
209 464
234 455
255 439
273 423
284 402
286 378
284 353
280 329
113 329
111 319
116 313
124 311
133 314
155 304
170 292
189 285
209 286
227 295
145 330
142 343
140 356
137 369
137 386
144 388
151 388
161 384
171 378
122 352
123 342
133 339
144 343
136 349
127 353
177 330
185 319
198 316
212 320
201 328
188 331
141 424
141 411
147 404
154 403
162 399
178 400
197 407
183 418
171 424
162 427
154 429
147 428
144 422
149 415
156 413
165 411
191 408
166 409
158 412
151 414
